1,1,54.62,59.23,120.78,66.92000000000002,1,1,1.0
1,2,0.0,13.22,18.85,34.480000000000004,1,1,1.0
1,3,95.17,0.01,223.07,63.46,1,1,1.0
1,4,311.7,0.35,399.46,112.75,1,1,1.0
2,1,37.18,56.15,117.94999999999999,65.89000000000001,1,1,1.0
2,2,0.0,16.7,9.7,28.7,1,1,1.0
2,3,95.17,0.01,223.07,63.46,1,1,1.0
2,4,310.93,0.35,399.46,112.75,1,1,1.0
3,1,19.74,53.08,115.13000000000001,64.84,1,1,1.0
3,2,0.0,22.8,4.0,19.3,1,1,1.0
3,3,95.17,0.01,223.07,63.46,1,1,1.0
3,4,310.04,0.35,399.46,112.75,1,1,1.0
4,1,2.31,50.0,112.28999999999999,63.8,1,1,1.0
4,3,95.17,0.01,223.07,63.46,1,1,1.0
4,4,309.6,0.35,399.44999999999993,112.75,1,1,1.0
5,1,1.46,47.3,95.80000000000001,61.3,1,1,1.0
5,3,95.17,0.01,223.07,63.46,1,1,1.0
5,4,309.15,0.35,399.46000000000004,112.75,1,1,1.0
6,1,0.39,44.6,75.91,58.800000000000004,1,1,1.0
6,3,95.17,0.01,223.07,63.46,1,1,1.0
6,4,308.26,0.26,399.46000000000004,112.61999999999999,1,1,1.0
7,1,0.58,41.9,59.02,56.300000000000004,1,1,1.0
7,3,95.17,0.01,223.07,63.46,1,1,1.0
7,4,307.37,0.18,399.46000000000004,112.47999999999999,1,1,1.0
8,1,0.0,39.2,42.9,53.8,1,1,1.0
8,3,95.17,0.01,223.07,63.46,1,1,1.0
8,4,306.48,0.09,399.46000000000004,112.34,1,1,1.0
9,1,0.38,41.1,27.32,44.99999999999999,1,1,1.0
9,3,95.17,0.01,223.07,63.46,1,1,1.0
9,4,305.59,0.0,399.46,112.21,1,1,1.0
10,1,0.77,43.0,13.63,36.2,1,1,1.0
10,3,95.17,0.01,223.07,63.46,1,1,1.0
10,4,305.46,0.0,399.46,112.21,1,1,1.0
10,5,917.2,192.82,42.799999999999955,72.98000000000002,1,1,1.0
11,3,95.17,0.01,223.07,63.46,1,1,1.0
11,4,305.34,0.0,399.46,112.21,1,1,1.0
11,5,871.9,183.37,87.89999999999998,83.13,1,1,1.0
12,3,95.17,0.01,223.07,63.46,1,1,1.0
12,4,305.21,0.0,399.46,112.21,1,1,1.0
12,5,824.0,174.4,136.0,87.62999999999997,1,1,1.0
13,3,95.17,0.01,223.07,63.46,1,1,1.0
13,4,305.08,0.0,399.46,112.21,1,1,1.0
13,5,782.64,163.1,177.21000000000004,104.16999999999999,1,1,1.0
14,3,95.17,0.01,223.07,63.46,1,1,1.0
14,4,304.95,0.0,399.46,112.21,1,1,1.0
14,5,741.28,151.8,218.42000000000007,120.69999999999999,1,1,1.0
14,6,1.54,172.89,16.54,60.80000000000001,1,1,1.0
15,3,95.17,0.01,223.07,63.46,1,1,1.0
15,4,304.83,0.0,399.46,112.21,1,1,1.0
15,5,697.4,143.42,262.30000000000007,118.15,1,1,1.0
15,6,1.54,163.6,38.2,82.69,1,1,1.0
16,3,95.17,0.01,223.07,63.46,1,1,1.0
16,4,304.7,0.0,399.46,112.21,1,1,1.0
16,5,658.56,135.05,270.34000000000003,115.57999999999998,1,1,1.0
16,6,1.54,162.65,52.96,96.23999999999998,1,1,1.0
17,3,95.17,0.01,223.07,63.46,1,1,1.0
17,4,304.7,0.0,399.46,112.21,1,1,1.0
17,5,617.2,126.67,265.0999999999999,113.02999999999999,1,1,1.0
17,6,1.54,161.7,73.25999999999999,109.80000000000001,1,1,1.0
18,3,95.17,0.01,223.07,63.46,1,1,1.0
18,4,304.7,0.0,399.46,112.21,1,1,1.0
18,5,583.17,120.01,250.73000000000002,109.74,1,1,1.0
18,6,1.54,167.6,96.99,116.50000000000003,1,1,1.0
19,3,95.17,0.01,223.07,63.46,1,1,1.0
19,4,304.7,0.0,399.46,112.21,1,1,1.0
19,5,549.35,114.76,243.60000000000002,105.45,1,1,1.0
19,6,1.54,173.5,120.71,123.19999999999999,1,1,1.0
20,3,95.17,0.01,223.07,63.46,1,1,1.0
20,4,304.7,0.0,399.46,112.21,1,1,1.0
20,5,515.53,109.5,236.47000000000003,101.16999999999999,1,1,1.0
20,6,1.54,179.4,144.44,129.9,1,1,1.0
21,3,95.17,0.01,223.07,63.46,1,1,1.0
21,4,304.7,0.0,399.46,112.21,1,1,0.0
21,5,485.49,104.75,227.09000000000003,98.38,1,1,1.0
21,6,1.54,185.3,168.16,136.59999999999997,1,1,1.0
22,3,95.17,0.01,223.07,63.46,1,1,1.0
22,4,304.7,0.0,399.46,112.21,1,1,0.0
22,5,456.12,100.0,219.08000000000004,95.59,1,1,1.0
22,6,1.4,196.16,199.5,146.41,1,1,1.0
23,3,95.17,0.01,223.07,63.46,1,1,1.0
23,4,304.7,0.0,399.46,112.21,1,1,0.0
23,5,429.73,95.25,209.01999999999998,92.78999999999999,1,1,1.0
23,6,8.51,204.25,219.39000000000001,149.35000000000002,1,1,1.0
24,3,95.17,0.01,223.07,63.46,1,1,1.0
24,4,304.7,0.0,399.46,112.21,1,1,0.0
24,5,403.35,90.5,198.94999999999993,90.0,1,1,1.0
24,6,32.39,211.44,231.11,160.31,1,1,1.0
25,3,95.17,0.01,223.07,63.46,1,1,1.0
25,4,304.7,0.0,399.46,112.21,1,1,0.0
25,5,377.37,86.31,193.77999999999997,88.03,1,1,1.0
25,6,56.41,220.82,245.48999999999998,171.28000000000003,1,1,1.0
26,3,95.17,0.01,223.07,63.46,1,1,1.0
26,4,304.7,0.0,399.46,112.21,1,1,0.0
26,5,351.39,82.12,188.61,86.06,1,1,1.0
26,6,80.43,230.21,264.07,182.23999999999998,1,1,1.0
27,3,95.17,0.01,223.07,63.46,1,1,1.0
27,4,304.7,0.0,399.46,112.21,1,1,0.0
27,5,331.01,78.56,182.21000000000004,84.07999999999998,1,1,1.0
27,6,112.49,244.19,279.21,193.20999999999998,1,1,1.0
28,3,95.17,0.01,223.07,63.46,1,1,1.0
28,4,304.7,0.0,399.46,112.21,1,1,0.0
28,5,310.64,74.99,175.8,82.12000000000002,1,1,1.0
28,6,144.55,258.17,294.34999999999997,204.18,1,1,1.0
29,3,95.17,0.01,223.07,63.46,1,1,1.0
29,4,304.7,0.0,399.46,112.21,1,1,0.0
29,5,290.26,71.43,169.40000000000003,80.13999999999999,1,1,1.0
29,7,914.02,183.64,45.98000000000002,69.10000000000002,1,1,1.0
29,6,176.62,272.15,319.78,215.15000000000003,1,1,1.0
30,3,95.17,0.01,223.07,63.46,1,1,1.0
30,4,304.7,0.0,399.46,112.21,1,1,0.0
30,5,269.88,67.86,163.0,78.17999999999999,1,1,1.0
30,7,866.96,169.93,93.03999999999996,84.22999999999999,1,1,1.0
30,6,212.5,290.07,347.70000000000005,229.72999999999996,1,1,1.0
31,3,95.17,0.01,223.07,63.46,1,1,1.0
31,4,304.7,0.0,399.46,112.21,1,1,0.0
31,5,249.51,64.3,156.59000000000003,76.2,1,1,1.0
31,7,819.9,156.22,140.10000000000002,99.36000000000001,1,1,1.0
31,6,257.98,305.9,370.81999999999994,234.10000000000002,1,1,1.0
32,3,95.17,0.01,223.07,63.46,1,1,1.0
32,4,304.7,0.0,399.46,112.21,1,1,0.0
32,5,232.25,61.11,152.55,74.57000000000001,1,1,1.0
32,7,772.84,142.51,187.15999999999997,114.49000000000001,1,1,1.0
32,6,303.46,324.54,393.94,215.45999999999998,1,1,1.0
33,3,95.17,0.01,223.07,63.46,1,1,0.0
33,4,304.7,0.0,399.46,112.21,1,1,0.0
33,5,214.99,57.91,148.51999999999998,72.94,1,1,1.0
33,7,725.77,128.8,234.23000000000002,114.94,1,1,1.0
33,6,353.08,343.84,414.92,196.16000000000003,1,1,1.0
34,3,95.17,0.01,223.07,63.46,1,1,0.0
34,4,304.7,0.0,399.46,112.21,1,1,0.0
34,5,197.73,54.72,144.48,71.31,1,1,1.0
34,7,688.36,120.56,253.53999999999996,112.53,1,1,1.0
34,6,406.8,368.19,441.59999999999997,171.81,1,1,1.0
35,3,95.17,0.01,223.07,63.46,1,1,0.0
35,4,304.7,0.0,399.46,112.21,1,1,1.0
35,5,183.32,52.48,140.44,69.67000000000002,1,1,1.0
35,7,648.19,113.7,243.88,107.36999999999999,1,1,1.0
35,6,473.0,392.55,434.5,147.45,1,1,1.0
36,3,95.17,0.01,223.07,63.46,1,1,0.0
36,4,304.7,0.0,399.46,112.21,1,1,1.0
36,5,168.9,50.23,136.41,68.05000000000001,1,1,1.0
36,7,613.53,104.08,234.22000000000003,107.72000000000001,1,1,1.0
36,6,539.2,416.9,405.29999999999995,123.10000000000002,1,1,1.0
37,3,95.17,0.01,223.07,63.46,1,1,0.0
37,4,304.7,0.0,399.46,112.21,1,1,1.0
37,5,154.49,47.99,132.38,66.41,1,1,1.0
37,7,579.2,98.42,224.0,104.10000000000001,1,1,1.0
37,6,641.5,449.17,318.5,90.82999999999998,1,1,1.0
38,3,95.17,0.01,223.07,63.46,1,1,0.0
38,4,304.7,0.0,399.46,112.21,1,1,0.0
38,5,140.08,45.74,128.34,64.78999999999999,1,1,1.0
38,7,544.92,92.76,216.10000000000002,100.49,1,1,1.0
38,6,743.8,481.43,216.20000000000005,58.56999999999999,1,1,1.0
39,3,95.17,0.01,223.07,63.46,1,1,0.0
39,4,304.7,0.0,399.46,112.21,1,1,0.0
39,5,125.67,43.5,124.3,63.150000000000006,1,1,1.0
39,7,511.54,87.09,208.19,96.88999999999999,1,1,1.0
39,6,846.1,513.7,113.89999999999998,26.299999999999955,1,1,1.0
40,3,95.17,0.01,223.07,63.46,1,1,0.0
40,4,304.7,0.0,399.46,112.21,1,1,0.0
40,5,114.36,41.58,119.67,62.3,1,1,1.0
40,7,481.71,81.43,200.29000000000002,93.26999999999998,1,1,1.0
41,3,95.17,0.01,223.07,63.46,1,1,0.0
41,4,304.7,0.0,399.46,112.21,1,1,0.0
41,5,103.05,39.66,115.05,61.45,1,1,1.0
41,7,450.3,77.31,200.20999999999998,91.35999999999999,1,1,1.0
42,3,95.17,0.01,223.07,63.46,1,1,0.0
42,4,304.7,0.0,399.46,112.21,1,1,0.0
42,5,88.19,38.63,113.21000000000001,58.87,1,1,1.0
42,7,426.19,73.19,187.51000000000005,89.44999999999999,1,1,1.0
43,3,95.17,0.01,223.07,63.46,1,1,0.0
43,4,304.7,0.0,399.46,112.21,1,1,0.0
43,5,74.72,36.58,111.38,58.269999999999996,1,1,1.0
43,7,397.62,69.9,181.21000000000004,85.82,1,1,1.0
44,3,95.17,0.01,223.07,63.46,1,1,0.0
44,4,304.7,0.0,399.46,112.21,1,1,0.0
44,5,64.36,34.54,109.38000000000001,57.660000000000004,1,1,1.0
44,7,371.06,62.01,174.90000000000003,84.35000000000002,1,1,1.0
45,3,95.17,0.01,223.07,63.46,1,1,0.0
45,4,304.7,0.0,399.46,112.21,1,1,0.0
45,5,54.01,32.49,107.37,57.059999999999995,1,1,1.0
45,7,349.25,58.87,168.59000000000003,82.87,1,1,1.0
46,3,95.17,0.01,223.07,63.46,1,1,0.0
46,4,304.7,0.0,399.46,112.21,1,1,0.0
46,5,43.65,30.44,105.37,56.47,1,1,1.0
46,7,327.44,55.74,162.28000000000003,81.38,1,1,1.0
47,3,95.17,0.01,223.07,63.46,1,1,0.0
47,4,304.7,0.0,399.46,112.21,1,1,0.0
47,5,33.3,28.39,103.36,55.870000000000005,1,1,1.0
47,7,305.62,52.6,155.98000000000002,79.9,1,1,1.0
48,3,95.17,0.01,223.07,63.46,1,1,1.0
48,4,304.7,0.0,399.46,112.21,1,1,0.0
48,5,22.95,26.35,101.35,55.26,1,1,1.0
48,7,282.56,51.9,150.89,74.69999999999999,1,1,1.0
49,3,95.17,0.01,223.07,63.46,1,1,1.0
49,4,304.7,0.0,399.46,112.21,1,1,0.0
49,5,12.59,24.3,100.41,54.66,1,1,1.0
49,7,262.27,49.8,144.13,72.07000000000001,1,1,1.0
50,3,95.17,0.01,223.07,63.46,1,1,1.0
50,4,304.7,0.0,399.46,112.21,1,1,0.0
50,5,4.56,23.23,96.53999999999999,53.64,1,1,1.0
50,7,245.98,47.18,139.17,70.96000000000001,1,1,1.0
51,3,95.17,0.01,223.07,63.46,1,1,0.0
51,4,304.7,0.0,399.46,112.21,1,1,0.0
51,5,0.0,22.16,91.3,52.63000000000001,1,1,1.0
51,7,229.69,44.55,134.20999999999998,69.86,1,1,1.0
52,3,95.17,0.01,223.07,63.46,1,1,0.0
52,4,304.7,0.0,399.46,112.21,1,1,0.0
52,5,0.0,21.09,80.2,51.61,1,1,1.0
52,7,211.26,41.93,131.14,68.75,1,1,1.0
53,3,95.17,0.01,223.07,63.46,1,1,0.0
53,4,304.7,0.0,399.46,112.21,1,1,0.0
53,5,0.0,20.02,70.7,50.59,1,1,1.0
53,7,195.69,39.31,128.06,67.64999999999999,1,1,1.0
54,3,95.17,0.01,223.07,63.46,1,1,0.0
54,4,304.7,0.0,399.46,112.21,1,1,0.0
54,5,0.0,18.94,61.2,49.58,1,1,1.0
54,7,180.11,36.68,124.99000000000001,66.55000000000001,1,1,1.0
55,3,95.17,0.01,223.07,63.46,1,1,0.0
55,4,304.7,0.0,399.46,112.21,1,1,0.0
55,5,0.0,17.87,51.7,48.56,1,1,1.0
55,7,164.54,36.6,121.96000000000001,62.9,1,1,1.0
56,3,95.17,0.01,223.07,63.46,1,1,0.0
56,4,304.7,0.0,399.46,112.21,1,1,0.0
56,5,0.0,16.8,42.2,47.55,1,1,1.0
56,7,151.77,34.86,117.62999999999997,60.44,1,1,1.0
57,3,95.17,0.01,223.07,63.46,1,1,0.0
57,4,304.7,0.0,399.46,112.21,1,1,0.0
57,5,0.0,19.53,33.2,41.87,1,1,1.0
57,7,139.0,33.11,112.6,60.14,1,1,1.0
58,3,95.17,0.01,223.07,63.46,1,1,0.0
58,4,304.7,0.0,399.46,112.21,1,1,0.0
58,5,0.0,22.27,24.2,36.18000000000001,1,1,1.0
58,7,126.23,31.37,108.17,59.83,1,1,1.0
59,3,95.17,0.01,223.07,63.46,1,1,0.0
59,4,304.7,0.0,399.46,112.21,1,1,0.0
59,5,0.0,25.0,15.2,30.5,1,1,1.0
59,7,113.46,30.68,105.24,58.27,1,1,1.0
60,3,95.17,0.01,223.07,63.46,1,1,0.0
60,4,304.7,0.0,399.46,112.21,1,1,0.0
60,5,0.0,27.2,7.1,28.3,1,1,1.0
60,7,100.7,30.0,102.3,56.7,1,1,1.0
